K = 0.025421861139062512
L = 0.5423803810636396
M = 10.582499869786059
N = -1.2153510695472272
