pu = 0.02710455356148179
pd = 0.5640679757176217
pt = 10.553164321169879
pc = -7.452806865655797
pci = -0.0036125217018587873
